0 0.1609375 0.12890625 0.225 0.22265625
0 0.5140625 0.1203125 0.196875 0.240625
0 0.86328125 0.14140625 0.19609375 0.25078125
0 0.50390625 0.41015625 0.13359375 0.1640625
0 0.2640625 0.43125 0.1234375 0.1671875
0 0.753125 0.43515625 0.11171875 0.20859375
0 0.6875 0.57890625 0.103125 0.14765625
0 0.5140625 0.525 0.1828125 0.13046875
0 0.32265625 0.58046875 0.12890625 0.11640625
0 0.65703125 0.67734375 0.11171875 0.08671875
0 0.50859375 0.671875 0.0984375 0.04921875
0 0.3421875 0.6890625 0.08984375 0.109375