0 0.14453125 0.49140625 0.1421875 0.2015625
0 0.11640625 0.74765625 0.0765625 0.1296875
0 0.47265625 0.34609375 0.1703125 0.22109375
0 0.61328125 0.3953125 0.11796875 0.12265625
0 0.72109375 0.2046875 0.0796875 0.0578125
0 0.759375 0.37890625 0.10546875 0.125
0 0.85546875 0.24140625 0.06953125 0.1828125
0 0.91953125 0.24765625 0.0359375 0.12265625
0 0.1453125 0.0515625 0.06484375 0.103125
0 0.07578125 0.0421875 0.03359375 0.084375
0 0.2453125 0.2328125 0.0984375 0.2765625
0 0.24609375 0.5765625 0.071875 0.3609375