0 0.17421875 0.0609375 0.0359375 0.053125
0 0.23671875 0.12109375 0.0265625 0.0625
0 0.27421875 0.17421875 0.02890625 0.040625
0 0.303125 0.1984375 0.01953125 0.0265625
0 0.34765625 0.259375 0.05078125 0.09140625
0 0.396875 0.30859375 0.0171875 0.03359375
0 0.4234375 0.32578125 0.0265625 0.03125
0 0.453125 0.36875 0.021875 0.04296875
0 0.4859375 0.4015625 0.02890625 0.0484375
0 0.50390625 0.459375 0.01953125 0.04296875
0 0.525 0.5578125 0.0359375 0.13203125
0 0.4734375 0.6203125 0.05546875 0.03359375
0 0.34609375 0.61875 0.07421875 0.04296875
0 0.4 0.6546875 0.04296875 0.04296875
0 0.609375 0.6875 0.0578125 0.040625
0 0.68046875 0.725 0.021875 0.02421875