0 0.07109375 0.26796875 0.08203125 0.115625
0 0.24296875 0.33984375 0.040625 0.0625
0 0.3015625 0.15 0.03828125 0.05546875
0 0.35546875 0.6359375 0.06015625 0.0796875
0 0.55078125 0.41484375 0.0625 0.07421875
0 0.615625 0.26171875 0.01953125 0.02421875
0 0.51328125 0.27890625 0.0484375 0.08203125
0 0.6875 0.49765625 0.040625 0.0796875
0 0.7609375 0.44609375 0.05546875 0.0890625
0 0.796875 0.625 0.02890625 0.05546875
0 0.828125 0.7671875 0.05078125 0.0625
0 0.88671875 0.38125 0.0171875 0.03828125
0 0.896875 0.31953125 0.03125 0.053125
0 0.97109375 0.1203125 0.0453125 0.071875
0 0.74375 0.93515625 0.0765625 0.09609375
0 0.65 0.93359375 0.07421875 0.0671875
0 0.5671875 0.95703125 0.02890625 0.03359375
0 0.45546875 0.946875 0.071875 0.0578125
0 0.25390625 0.93984375 0.1109375 0.0484375
0 0.01953125 0.93046875 0.03828125 0.0484375