0 0.11796875 0.66796875 0.084375 0.16796875
0 0.290625 0.6359375 0.05546875 0.09609375
0 0.59765625 0.84375 0.08671875 0.2359375
0 0.74609375 0.78359375 0.10078125 0.146875
0 0.8921875 0.6078125 0.09609375 0.12265625
0 0.22578125 0.2453125 0.09140625 0.16796875
0 0.4234375 0.5296875 0.10078125 0.12265625
0 0.4015625 0.2015625 0.09140625 0.17578125
0 0.5828125 0.46640625 0.07421875 0.125
0 0.6859375 0.36171875 0.0796875 0.1421875
0 0.79296875 0.31875 0.08203125 0.14453125
0 0.94375 0.28359375 0.08203125 0.13671875