0 0.2328125 0.2984375 0.0484375 0.10078125
0 0.39921875 0.19453125 0.05078125 0.10078125
0 0.446875 0.15625 0.053125 0.0984375
0 0.5796875 0.1734375 0.10078125 0.16328125
0 0.52890625 0.25 0.040625 0.0765625
0 0.490625 0.3890625 0.04296875 0.209375
0 0.78125 0.3421875 0.0625 0.125
0 0.7765625 0.19921875 0.03828125 0.07421875
0 0.91015625 0.240625 0.053125 0.103125
0 0.896875 0.47578125 0.03359375 0.09609375
0 0.7796875 0.68046875 0.04296875 0.09609375
0 0.49765625 0.8453125 0.0578125 0.13203125
0 0.2359375 0.6078125 0.040625 0.09140625